3 3 0 26 19
4 4 0 59 44
5 5 0 107 85
6 6 0 180 146
7 7 0 276 231
8 8 0 405 344
9 9 0 565 489
10 10 0 766 670
11 11 0 1006 891
12 12 0 1295 1156
13 13 0 1631 1469
14 14 0 2024 1834
15 15 0 2472 2255
16 16 0 2985 2736
17 17 0 3561 3281
18 18 0 4210 3894
19 19 0 4930 4579
20 20 0 5731 5340
21 21 0 6611 6181
22 22 0 7580 7106
23 23 0 8636 8119
24 24 0 9789 9224
25 25 0 11037 10425
26 26 0 12390 11726
27 27 0 13846 13131
28 28 0 15415 14644
29 29 0 17095 16269
30 30 0 18896 18010
31 31 0 20816 19871
32 32 0 22865 21856
33 33 0 25041 23969
34 34 0 27354 26214
35 35 0 29802 28595
36 36 0 32395 31116
37 37 0 35131 33781
38 38 0 38020 36594
39 39 0 41060 39559
40 40 0 44261 42680
41 41 0 47621 45961
42 42 0 51150 49406
43 43 0 54846 53019
44 44 0 58719 56804
45 45 0 62767 60765
46 46 0 67000 64906
47 47 0 71416 69231
48 48 0 76025 73744
49 49 0 80825 78449
50 50 0 85826 83350
51 51 0 91026 88451
52 52 0 96435 93756
53 53 0 102051 99269
54 54 0 107884 104994
55 55 0 113932 110935
56 56 0 120205 117096
57 57 0 126701 123481
58 58 0 133430 130094
59 59 0 140390 136939
60 60 0 147591 144020
61 61 0 155031 151341
62 62 0 162720 158906
63 63 0 170656 166719
64 64 0 178849 174784
65 65 0 187297 183105
66 66 0 196010 191686
67 67 0 204986 200531
68 68 0 214235 209644
69 69 0 223755 219029
70 70 0 233556 228690
71 71 0 243636 238631
72 72 0 254005 248856
73 73 0 264661 259369
74 74 0 275614 270174
75 75 0 286862 281275
76 76 0 298415 292676
77 77 0 310271 304381
78 78 0 322440 316394
79 79 0 334920 328719
80 80 0 347721 341360
81 81 0 360841 354321
82 82 0 374290 367606
83 83 0 388066 381219
84 84 0 402179 395164
85 85 0 416627 409445
86 86 0 431420 424066
87 87 0 446556 439031
88 88 0 462045 454344
89 89 0 477885 470009
90 90 0 494086 486030
91 91 0 510646 502411
92 92 0 527575 519156
93 93 0 544871 536269
94 94 0 562544 553754
95 95 0 580592 571615
96 96 0 599025 589856
97 97 0 617841 608481
98 98 0 637050 627494
99 99 0 656650 646899
100 100 0 676651 666700
101 101 0 697051 686901
102 102 0 717860 707506
103 103 0 739076 728519
104 104 0 760709 749944
105 105 0 782757 771785
106 106 0 805230 794046
107 107 0 828126 816731
108 108 0 851455 839844
109 109 0 875215 863389
110 110 0 899416 887370
111 111 0 924056 911791
112 112 0 949145 936656
113 113 0 974681 961969
114 114 0 1000674 987734
115 115 0 1027122 1013955
116 116 0 1054035 1040636
117 117 0 1081411 1067781
118 118 0 1109260 1095394
119 119 0 1137580 1123479
120 120 0 1166381 1152040
121 121 0 1195661 1181081
122 122 0 1225430 1210606
123 123 0 1255686 1240619
124 124 0 1286439 1271124
125 125 0 1317687 1302125
126 126 0 1349440 1333626
127 127 0 1381696 1365631
128 128 0 1414465 1398144
129 129 0 1447745 1431169
130 130 0 1481546 1464710
131 131 0 1515866 1498771
132 132 0 1550715 1533356
133 133 0 1586091 1568469
134 134 0 1622004 1604114
135 135 0 1658452 1640295
136 136 0 1695445 1677016
137 137 0 1732981 1714281
138 138 0 1771070 1752094
139 139 0 1809710 1790459
140 140 0 1848911 1829380
141 141 0 1888671 1868861
142 142 0 1929000 1908906
143 143 0 1969896 1949519
144 144 0 2011369 1990704
145 145 0 2053417 2032465
146 146 0 2096050 2074806
147 147 0 2139266 2117731
148 148 0 2183075 2161244
149 149 0 2227475 2205349
150 150 0 2272476 2250050
151 151 0 2318076 2295351
152 152 0 2364285 2341256
153 153 0 2411101 2387769
154 154 0 2458534 2434894
155 155 0 2506582 2482635
156 156 0 2555255 2530996
157 157 0 2604551 2579981
158 158 0 2654480 2629594
159 159 0 2705040 2679839
160 160 0 2756241 2730720
161 161 0 2808081 2782241
162 162 0 2860570 2834406
163 163 0 2913706 2887219
164 164 0 2967499 2940684
165 165 0 3021947 2994805
166 166 0 3077060 3049586
167 167 0 3132836 3105031
168 168 0 3189285 3161144
169 169 0 3246405 3217929
170 170 0 3304206 3275390
171 171 0 3362686 3333531
172 172 0 3421855 3392356
173 173 0 3481711 3451869
174 174 0 3542264 3512074
175 175 0 3603512 3572975
176 176 0 3665465 3634576
177 177 0 3728121 3696881
178 178 0 3791490 3759894
179 179 0 3855570 3823619
180 180 0 3920371 3888060
181 181 0 3985891 3953221
182 182 0 4052140 4019106
183 183 0 4119116 4085719
184 184 0 4186829 4153064
185 185 0 4255277 4221145
186 186 0 4324470 4289966
187 187 0 4394406 4359531
188 188 0 4465095 4429844
189 189 0 4536535 4500909
190 190 0 4608736 4572730
191 191 0 4681696 4645311
192 192 0 4755425 4718656
193 193 0 4829921 4792769
194 194 0 4905194 4867654
195 195 0 4981242 4943315
196 196 0 5058075 5019756
197 197 0 5135691 5096981
198 198 0 5214100 5174994
199 199 0 5293300 5253799
200 200 0 5373301 5333400
201 201 0 5454101 5413801
202 202 0 5535710 5495006
203 203 0 5618126 5577019
204 204 0 5701359 5659844
205 205 0 5785407 5743485
206 206 0 5870280 5827946
207 207 0 5955976 5913231
208 208 0 6042505 5999344
209 209 0 6129865 6086289
210 210 0 6218066 6174070
211 211 0 6307106 6262691
212 212 0 6396995 6352156
213 213 0 6487731 6442469
214 214 0 6579324 6533634
215 215 0 6671772 6625655
216 216 0 6765085 6718536
217 217 0 6859261 6812281
218 218 0 6954310 6906894
219 219 0 7050230 7002379
220 220 0 7147031 7098740
221 221 0 7244711 7195981
222 222 0 7343280 7294106
223 223 0 7442736 7393119
224 224 0 7543089 7493024
225 225 0 7644337 7593825
226 226 0 7746490 7695526
227 227 0 7849546 7798131
228 228 0 7953515 7901644
229 229 0 8058395 8006069
230 230 0 8164196 8111410
231 231 0 8270916 8217671
232 232 0 8378565 8324856
233 233 0 8487141 8432969
234 234 0 8596654 8542014
235 235 0 8707102 8651995
236 236 0 8818495 8762916
237 237 0 8930831 8874781
238 238 0 9044120 8987594
239 239 0 9158360 9101359
240 240 0 9273561 9216080
241 241 0 9389721 9331761
242 242 0 9506850 9448406
243 243 0 9624946 9566019
244 244 0 9744019 9684604
245 245 0 9864067 9804165
246 246 0 9985100 9924706
247 247 0 10107116 10046231
248 248 0 10230125 10168744
249 249 0 10354125 10292249
250 250 0 10479126 10416750
251 251 0 10605126 10542251
252 252 0 10732135 10668756
253 253 0 10860151 10796269
254 254 0 10989184 10924794
255 255 0 11119232 11054335
256 256 0 11250305 11184896
257 257 0 11382401 11316481
258 258 0 11515530 11449094
259 259 0 11649690 11582739
260 260 0 11784891 11717420
261 261 0 11921131 11853141
262 262 0 12058420 11989906
263 263 0 12196756 12127719
264 264 0 12336149 12266584
265 265 0 12476597 12406505
266 266 0 12618110 12547486
267 267 0 12760686 12689531
268 268 0 12904335 12832644
269 269 0 13049055 12976829
270 270 0 13194856 13122090
271 271 0 13341736 13268431
272 272 0 13489705 13415856
273 273 0 13638761 13564369
274 274 0 13788914 13713974
275 275 0 13940162 13864675
276 276 0 14092515 14016476
277 277 0 14245971 14169381
278 278 0 14400540 14323394
279 279 0 14556220 14478519
280 280 0 14713021 14634760
281 281 0 14870941 14792121
282 282 0 15029990 14950606
283 283 0 15190166 15110219
284 284 0 15351479 15270964
285 285 0 15513927 15432845
286 286 0 15677520 15595866
287 287 0 15842256 15760031
288 288 0 16008145 15925344
289 289 0 16175185 16091809
290 290 0 16343386 16259430
291 291 0 16512746 16428211
292 292 0 16683275 16598156
293 293 0 16854971 16769269
294 294 0 17027844 16941554
295 295 0 17201892 17115015
296 296 0 17377125 17289656
297 297 0 17553541 17465481
298 298 0 17731150 17642494
299 299 0 17909950 17820699
300 300 0 18089951 18000100
301 301 0 18271151 18180701
302 302 0 18453560 18362506
303 303 0 18637176 18545519
304 304 0 18822009 18729744
305 305 0 19008057 18915185
306 306 0 19195330 19101846
307 307 0 19383826 19289731
308 308 0 19573555 19478844
309 309 0 19764515 19669189
310 310 0 19956716 19860770
311 311 0 20150156 20053591
312 312 0 20344845 20247656
313 313 0 20540781 20442969
314 314 0 20737974 20639534
315 315 0 20936422 20837355
316 316 0 21136135 21036436
317 317 0 21337111 21236781
318 318 0 21539360 21438394
319 319 0 21742880 21641279
320 320 0 21947681 21845440
321 321 0 22153761 22050881
322 322 0 22361130 22257606
323 323 0 22569786 22465619
324 324 0 22779739 22674924
325 325 0 22990987 22885525
326 326 0 23203540 23097426
327 327 0 23417396 23310631
328 328 0 23632565 23525144
329 329 0 23849045 23740969
330 330 0 24066846 23958110
331 331 0 24285966 24176571
332 332 0 24506415 24396356
333 333 0 24728191 24617469
334 334 0 24951304 24839914
335 335 0 25175752 25063695
336 336 0 25401545 25288816
337 337 0 25628681 25515281
338 338 0 25857170 25743094
339 339 0 26087010 25972259
340 340 0 26318211 26202780
341 341 0 26550771 26434661
342 342 0 26784700 26667906
343 343 0 27019996 26902519
344 344 0 27256669 27138504
345 345 0 27494717 27375865
346 346 0 27734150 27614606
347 347 0 27974966 27854731
348 348 0 28217175 28096244
349 349 0 28460775 28339149
350 350 0 28705776 28583450
351 351 0 28952176 28829151
352 352 0 29199985 29076256
353 353 0 29449201 29324769
354 354 0 29699834 29574694
355 355 0 29951882 29826035
356 356 0 30205355 30078796
357 357 0 30460251 30332981
358 358 0 30716580 30588594
359 359 0 30974340 30845639
360 360 0 31233541 31104120
361 361 0 31494181 31364041
362 362 0 31756270 31625406
363 363 0 32019806 31888219
364 364 0 32284799 32152484
365 365 0 32551247 32418205
366 366 0 32819160 32685386
367 367 0 33088536 32954031
368 368 0 33359385 33224144
369 369 0 33631705 33495729
370 370 0 33905506 33768790
371 371 0 34180786 34043331
372 372 0 34457555 34319356
373 373 0 34735811 34596869
374 374 0 35015564 34875874
375 375 0 35296812 35156375
376 376 0 35579565 35438376
377 377 0 35863821 35721881
378 378 0 36149590 36006894
379 379 0 36436870 36293419
380 380 0 36725671 36581460
381 381 0 37015991 36871021
382 382 0 37307840 37162106
383 383 0 37601216 37454719
384 384 0 37896129 37748864
385 385 0 38192577 38044545
386 386 0 38490570 38341766
387 387 0 38790106 38640531
388 388 0 39091195 38940844
389 389 0 39393835 39242709
390 390 0 39698036 39546130
391 391 0 40003796 39851111
392 392 0 40311125 40157656
393 393 0 40620021 40465769
394 394 0 40930494 40775454
395 395 0 41242542 41086715
396 396 0 41556175 41399556
397 397 0 41871391 41713981
398 398 0 42188200 42029994
399 399 0 42506600 42347599
400 400 0 42826601 42666800
401 401 0 43148201 42987601
402 402 0 43471410 43310006
