26 0 0 107857 130300
47 0 0 453724 642984
68 0 0 1241978 1919582
89 0 0 2633125 4282101
110 0 0 4796391 8175703
131 0 0 7891764 13739049
152 0 0 12186843 21404869
173 0 0 17626816 31795717
194 0 0 24648367 44740050
215 0 0 33317659 60709173
236 0 0 42747320 82138694
257 0 0 67954101 111447597
278 0 0 69921613 135667714
299 0 0 86940740 165532442
320 0 0 107140355 201479683
341 0 0 125291520 243819581
362 0 0 149034707 320341145
383 0 0 176788029 344738498
404 0 0 205020513 410160664
425 0 0 238129419 492733892
446 0 0 277035256 556921167
467 0 0 311026664 641271394
488 0 0 355828317 733269355
509 0 0 407470573 830971815
530 0 0 454657444 959751124
