5 5 2247 95352 75473
10 10 274 303544 411235
15 15 425 959837 1639258
20 20 421 3691529 3156977
25 25 295 4716292 6635056
30 30 312 7605653 10499241
35 35 287 11983116 16637542
40 40 404 18250863 35005150
45 45 382 29124763 38674479
50 50 451 35310279 49045734
55 55 336 43399167 64630594
60 60 247 60956846 82598586
65 65 165 75126260 103659850
70 70 379 93277275 134061642
75 75 163 120761512 159197694
80 80 217 139699701 209098493
85 85 214 166650771 231916332
90 90 219 202738379 276229656
95 95 323 239957661 316306823
100 100 282 265702875 372987072
105 105 226 314329008 446412065
110 110 223 363494744 495556339
115 115 229 409627134 564491118
120 120 530 466738276 643548972
125 125 227 532607942 725323428
130 130 295 595815739 812608879
135 135 245 662989379 919550454
140 140 334 742669243 1018435410
145 145 330 822779347 1126564786
150 150 296 913565654 1253436444
155 155 331 998133872 1367808951
160 160 314 1093692586 1506502021
165 165 311 1204419143 1649392514
170 170 299 1320097578 1818039424
175 175 512 1429531260 1967073391
180 180 277 1574193848 2182455913
185 185 320 1764479254 2459777337
190 190 543 1746808058 2517752634
195 195 520 1866682535 2721167342
200 200 311 2026455648 2941132579
205 205 428 2172928087 3292995338
210 210 385 2472831457 3431777402
215 215 321 2646211171 3736234850
220 220 320 2859524908 3961756109
225 225 442 3095238037 4246563897
230 230 381 3246583540 4495823722
235 235 322 3386104164 4766043799
240 240 336 3690050116 5057321583
245 245 327 3941906119 5529147551
250 250 426 4009358376 5843525741
