4 4 19 0 0
6 6 30 0 0
8 8 41 0 0
10 10 52 0 0
12 12 63 0 0
14 14 74 0 0
16 16 85 0 0
18 18 96 0 0
20 20 107 0 0
22 22 118 0 0
24 24 129 0 0
26 26 140 0 0
28 28 151 0 0
30 30 162 0 0
32 32 173 0 0
34 34 184 0 0
36 36 195 0 0
38 38 206 0 0
40 40 217 0 0
42 42 228 0 0
44 44 239 0 0
46 46 250 0 0
48 48 261 0 0
50 50 272 0 0
52 52 283 0 0
54 54 294 0 0
56 56 305 0 0
58 58 316 0 0
60 60 327 0 0
62 62 338 0 0
64 64 349 0 0
66 66 360 0 0
68 68 371 0 0
70 70 382 0 0
72 72 393 0 0
74 74 404 0 0
76 76 415 0 0
78 78 426 0 0
80 80 437 0 0
82 82 448 0 0
84 84 459 0 0
86 86 470 0 0
88 88 481 0 0
90 90 492 0 0
92 92 503 0 0
94 94 514 0 0
96 96 525 0 0
98 98 536 0 0
100 100 547 0 0
102 102 558 0 0
