26 0 2870 588173 1188175
47 0 443 19776 7014768
68 0 650 9191984 27927549
89 0 403 43825 55687218
110 0 279 32917559 75132532
131 0 378 41376 129313404
152 0 332 82613786 193265222
173 0 264 43821 295100323
194 0 189 171502476 416499268
215 0 180 127194 543557314
236 0 310 299599192 709157914
257 0 212 109950 926520320
278 0 282 486001621 1190923000
299 0 265 153831 1458805098
320 0 178 731858878 1762620705
341 0 343 204964 2168318028
362 0 291 997521248 2591125878
383 0 241 255285 3019341905
404 0 381 1455314009 3554305268
425 0 280 204178 4138784795
